-0.49872862350377173
0.0
0.0
0.0
0.0
0.0
0.0
0.0
0.0
0.0
0.0
0.0
0.0
0.0
0.0
0.0
0.0
0.0
0.0
0.0
0.0
0.0
0.0
0.0
0.0
0.0
0.0
0.0
0.0
0.0
0.0
0.0
0.0
0.0
0.0
0.0
0.0
0.0
0.0
0.0
0.0
0.0
0.0
0.0
0.0
0.0
0.0
0.0
0.0
0.0
0.0
0.0
0.0
0.0
0.0
0.0
0.0
0.0
0.0
0.0
0.0
0.0
0.0
0.0
0.0
0.0
0.0
0.0
0.0
-0.00013709934675230732
-0.0007737486008526583
-0.0023188577891333
-0.0014925905765038076
-0.0005964086345956552
-0.00114185841929578
-0.00011280425599135981
-3.4915480667399296e-05
-3.608496249704983e-05
-3.954385788796085e-05
-4.172396104856505e-05
0.0
0.0
0.0
0.0
0.0
0.0
0.0
0.0
0.0
0.0
0.0
-1.4863028811465704e-06
-4.9741937031759575e-05
-0.0014152629919083103
-0.005844175017287216
-0.009288955168564185
-0.007179502720628568
-0.001912219180225463
-0.034844244580638895
-0.0760021654248252
-0.0802349823553566
-0.08380371038112293
-0.042292700117412346
0.048654102448458546
0.0033868648112690084
-0.004010022077683069
-0.0054265406471306395
-0.005370445313750736
-0.0018805635872845424
-5.1676675581050396e-05
-3.5638369922689254e-07
0.0
0.0
0.0
0.0
0.0
0.0
-0.00013070517758725754
-0.006881370225216604
-0.00381107890381512
-0.014286959939668007
-0.02740543122284331
-0.05414674653571181
-0.023861285049099876
-0.019608450360127885
-0.06583303571224172
-0.15293609277566975
-0.2065440118739589
-0.2365665164032932
-0.2818050590730521
-0.18385754411371194
-0.0834572560115028
-0.12470373527481955
-0.062431589367702836
-0.05544008626406166
-0.0352749592560442
-0.012139238955386326
-0.011204650176804496
-0.0071325881941908635
-0.00044950057571916015
0.0
0.0
0.0
0.0
-0.00013760742065995144
-0.006357542227636532
-0.02001642670894995
-0.0663691534448077
-0.09840533618695606
-0.1313047523224186
-0.10450991396804221
-0.11413563427892764
0.05346338783226154
0.02265586093818896
0.4712748186879717
0.04097904091704139
-0.028967662202478702
-0.16256052057937598
-0.14467037350863993
-0.1294064239109284
0.001517005854645732
-0.00901018603877071
-0.08700050224976001
-0.17626799206618624
-0.1797209739789
-0.07219030675334889
-0.018708781033957848
-0.00016712268888764744
0.0
0.0
0.0
0.0
-0.0008756388975213565
-0.059437429944896286
-0.21304267153100842
-0.2065359073175158
-0.16619333217488721
-0.11334737897000974
0.0022444056567948647
0.23749733576489634
0.4183985141787727
0.43573205860465536
0.5211387832145656
0.708656925829595
0.5882760083305767
0.5627461283621042
0.5295152941078358
0.4544728127539133
0.11985787577846681
0.07868081491939678
-0.04544213317036732
-0.3867995536995239
-0.4422096809903962
-0.247603595083658
-0.055756549979460696
-0.008627111462706267
0.0
0.0
0.0
0.0
-0.009777137576461013
-0.11521267063215875
-0.3186531736234791
-0.09358003281497419
-0.0918705155759446
0.14069889660374027
0.11703744920372822
0.442924276504598
0.39268622637236555
0.6866575079519961
0.7408848350080186
0.9146644707048879
0.9805793462693494
0.8870718774619123
0.5160083706199591
0.5402687092647538
0.26459503442608906
0.3383318029388678
0.20546850914602305
-0.20248286045743913
-0.3625531504576537
-0.37243877226876826
-0.18507001111354449
-0.03651989338231832
0.0
0.0
0.0
-0.011530450086135423
-0.026723259122456863
-0.13134046757056453
-0.1843298412847706
-0.02150747907815669
-0.04176380666961081
0.35368741307871143
0.23004522268125954
0.28501578291424423
0.370373967605279
0.599209293203299
0.6342893508202057
0.8377887652497553
0.6623339501981547
0.8610037698639825
0.5040954408818459
0.383686614611978
0.3544257676921809
0.19936967377938267
0.28766464777813305
0.19761922552033592
-0.04964884460150354
-0.17009626373022046
-0.14571350036978867
-0.029741657443376618
0.0
0.0
0.0
-0.01254784274079443
0.014243753655164126
0.03637232257651202
-0.04330622580473019
0.1355899680156083
0.21174716115053505
0.13716770217859192
0.22900580486870706
0.40351673627272616
0.1682060137064569
0.36068430325430295
0.6182318190696376
0.7880683324771767
0.7911552603037235
0.13894297546843945
0.1438642017102228
0.08589249147220024
0.023613030899493563
-0.026378729597113567
-0.19373217778108662
0.14177273013014627
0.0436424242729471
0.05842367354304108
0.002431432080463912
-0.009547837797105878
0.0
0.0
0.0
-0.012581626645593279
0.03817913885896017
0.1305925088626685
0.037084322139560255
0.28874712108281314
0.05046035409206974
-0.03802041081626738
-0.012162539425963228
0.19410168270568318
0.09295411964316358
-0.003938789110782976
0.5675805466087147
0.9240651946898661
0.1411864839149654
0.08648863024677769
-0.2506803448326387
-0.07660626904531051
-0.06908961579536149
-0.0825968349788579
-0.04815933347575371
0.01912312554121387
0.31847922014132124
0.11928265623237798
0.040226313917863805
-0.0003685148346419494
0.0
0.0
-1.2363942939966927e-05
0.011115914496877202
0.01861198836769036
0.1385377248389362
0.16814379086841977
0.24347575715124356
0.0003270824147867761
-0.011512921809199616
-0.24423903704571998
-0.20925956048898403
-0.14482582397958593
-0.3285943560883483
0.3513434463924899
0.28578771055898916
-0.1940831955067889
-0.26603287223155947
0.1655342394069917
0.19611138504290443
0.16626834039862384
0.3973083266747703
0.24885286688376873
0.13825392445787443
0.23711021125749657
0.13176770164309162
0.02212153364904425
-0.000267693407020202
0.0
0.0
-0.00012173728433198206
-0.0005168174388094454
0.015348747104198288
0.2732220013537035
0.17600768425781943
0.21676569672463677
0.013606522523053336
-0.10962589184816919
-0.08053238993074324
-0.23902546048633927
-0.63269763093065
-0.9226777031977703
-0.49992599790514103
0.12012592951929828
0.15405354516292347
-0.12238365503485647
0.30719246304356057
0.4163830932867627
0.299755827224922
0.2692534316511753
0.11789839732435858
-0.03208303498801336
0.07979592599456695
-0.13007100318455658
-0.08704799989385943
-0.03601426552876545
0.0
0.0
-0.00024062135106243325
-0.00386541063589231
0.08170395060392255
0.15846661653880326
-0.07422582501389392
-0.1244326837756903
-0.04719624298961512
-0.2610089705675326
-0.28112690140272817
-0.36222973430197225
-0.6813300076833416
-0.7319804104052706
0.00915590831459814
0.4048376736062461
-0.023558278165354184
0.05059741738059255
0.030744280312326448
0.003603597624640958
-0.0020734148075544296
-0.04001143502935444
-0.07275273671704688
-0.13710500493795158
-0.24831235284214512
-0.18588587740676976
-0.15302560247641572
-0.08929072922051276
0.0
0.0
-0.00011507977659507678
-0.0004799474536253564
0.025662861791306744
0.005680661393275736
-0.423111121588496
-0.2070001243485272
-0.3223199520497238
-0.24871233102497192
-0.44615539517468866
-0.3459202192332461
-0.5724697178572881
-0.539271495076615
0.07970408894534296
-0.08212185170303063
-0.03879295993848589
0.06964209165727733
-0.16589307716354038
-0.06667909505481136
-0.15224994378620627
0.026125180156925283
0.007571952865242247
-0.3122304390645711
-0.28257347705870195
-0.1598546543135761
-0.056010355844137986
-0.007685700419828058
0.0
0.0
-5.706435203061659e-06
-0.03833749071396261
-0.11335148203140621
-0.05474612799269102
-0.10179340987703066
-0.2425994732099594
-0.23117385318326464
-0.3028490132807707
-0.520737916213652
-0.11782890661450675
-0.21743897270503784
-0.2547128121467794
-0.12684962751659992
-0.4705861097377818
-0.1939782783424687
-0.21014972280275457
-0.14577027157349595
-0.08865867975980989
-0.2024066370153377
0.023538915009108555
-0.1974237546226145
-0.35657199645608034
-0.26252264162665434
-0.11723310657343354
-0.08994676403067602
-0.07986407420475464
-4.951443041636542e-06
0.0
0.0
-0.0013311854401889406
-0.07092229681647266
-0.05112910487568168
-0.041755881063747925
-0.17186693264257724
-0.3324711410532087
-0.2801297072510705
-0.23041619012443282
0.03215240691338912
0.0526710567304076
-0.11691144860141992
-0.24140293691445755
-0.7092874439375704
-0.6498454606443808
-0.3100010812708565
-0.2764478919345472
-0.2456639829631842
-0.3991252920828462
-0.3438693082140571
-0.30297022254576056
-0.15904927169083713
-0.17585235113694248
-0.13909353907992375
-0.10679637635431578
-0.030678589162458483
-9.07764557633366e-06
0.0
0.0
-0.00017423396372790915
-0.033750846380993044
-0.17940165245706238
-0.15494285717359468
-0.20338885419720162
-0.26565855354927936
-0.1705279911092647
0.028033284119908145
0.13489473591648968
-0.031245183818404215
-0.00305158683919396
-0.28406689578110783
-0.4357184609908177
-0.3097711392300934
-0.28473773131673624
-0.18387366721962153
-0.28201338709488255
-0.17588608581729745
-0.19923883693149685
-0.2605249232542082
-0.12688533045533287
-0.1626684543594912
-0.11491456356646101
-0.015904867119589952
-0.007550074164243282
-9.07764557633366e-06
0.0011942094815313063
0.0
0.0003533518202474407
-0.03141078903565529
-0.16149044103317575
-0.22907078493517805
-0.11621525392938095
-0.13753843139339955
-0.22531478828755275
0.039311446690865795
0.3320103055492416
-0.0981308623007337
-0.5157505436073113
-0.3349100570256854
-0.28374825677740895
-0.14316116463671089
-0.4360489626403696
-0.07516454141157212
-0.23960775792949612
0.010202703980973473
-0.1286585550274956
-0.1267273284958039
0.06729938172027206
-0.051195757480909036
-0.0884953631445518
0.03055535280081803
-7.256503763706936e-05
-3.300962027757694e-06
0.0
0.0
-0.002200385412315005
-0.023136773142426712
-0.04835201052102521
-0.11813382063222204
-0.0974063040831907
-0.09343353465303712
-0.014401676225943304
0.10015255037059448
0.1518948318391704
-0.22149036174518996
-0.13294346214234057
-0.2052140949896597
-0.3101519214737969
-0.46306344141629835
-0.23618435260581583
-0.13665765976982613
-0.12440852192486881
0.4234483655377474
0.1938828913637645
0.10364407225637783
0.24494095823103712
0.21490993969633856
0.12344963386245209
0.05790508278077594
0.0
0.0
0.0
0.0
-0.001265331060145417
-0.0012889392621847674
0.029942817043930266
0.0326419626868778
-0.06116316310915126
-0.15401429742713257
-0.10779281362245045
-0.07314374546151937
-0.12532892590919406
-0.23879447166688125
-0.30682183092087945
0.13505635243217445
-0.09495053280457265
-0.10344153583071777
0.0026760231231614624
-0.04876384410998347
0.011550398290652684
0.5011566815030705
0.18930647120034014
0.11204920111227017
0.2976554731185289
0.3890307900264051
0.21650656184021455
0.11243078121025785
0.0
0.0
0.0
0.0
-3.000525562247735e-05
-0.00030844086209599723
0.044707121239087835
-0.012544030654621908
0.01184908379885308
0.025767967986910018
-0.07719155879598621
-0.012336347337566044
-0.026851375390330782
-0.2451089085302497
0.03373411768034738
0.0845822084505785
0.14344002903581046
0.07236295259290051
0.026029360535029043
-0.16073589532207652
0.03912375136147313
-0.02614849863838172
0.0745640106575368
0.05785378083692166
0.19229951377753393
0.204642075307565
0.2103650131355497
0.046534634632629905
0.0
0.0
0.0
0.0
0.0
1.5232687607993907e-05
0.01614840909120857
0.01918693191665406
0.06036942837765523
0.11286897729514436
0.20091937801848803
0.12553632578256071
0.0007711897239116017
-0.05449675688534216
0.10679939760287088
0.011826355375391513
0.2853695673314148
-0.0642257806896435
0.09827823110851013
-0.1662449196127881
-0.1597035707148844
-0.4433976501603758
-0.09162630416238836
-0.07286479987137877
0.1660337196042681
0.25536739664007935
0.17243053102843356
0.04740713061121868
-0.006732376869471392
0.0
0.0
0.0
0.0
1.1913600833235455e-05
0.008480274810708713
0.061948725885768594
0.1339872816453699
0.3040907599823301
0.30326857070265567
0.08179561493652393
0.11693835075157039
0.11171854285035429
-0.03368856887462799
-0.009637245461142687
0.022045425756824878
0.014222254077596298
0.03802499015152843
0.040189610626954114
-0.08540148038781982
-0.1218189179036302
-0.09550307599250285
-0.09897714230552915
0.2189315610094427
0.23407958211710536
0.1705250734945708
0.004387714384671227
-0.006732376869471392
0.0
0.0
0.0
0.0
0.0
0.07450692793222433
0.08163879765393228
0.28310191519072886
0.42059867778550947
0.450422722197726
0.17087674845600717
0.38813905173390134
0.2573046837631114
0.16452853376276708
0.1019465141391974
-0.020062061145241377
0.08972308638892837
-0.07779686389882584
0.16369989847169567
0.17641803125734434
0.09068551625611089
0.09095949168516458
0.07504599426550858
0.08031447569811737
0.0732768884382124
0.026211751333111162
-0.010603836657015305
0.0
0.0
0.0
0.0
2.43144753735325e-05
0.0
0.03553897378894755
0.1410509383423369
0.26907581916943074
0.41181857385447496
0.6474170310066045
0.5335510290883808
0.35215818239116303
0.5396142246386275
0.55788902661999
0.4355432009549733
0.4379140318729947
0.40845705252596776
0.554629002566921
0.5395927277278249
0.49272873859528243
0.550142627550597
0.33484562669161666
0.23560001939897895
0.07763535546977654
0.03058953943733606
0.01419199403156793
0.00022877335549598154
0.0
0.0
0.0
0.0
0.0
0.00018452664816322477
0.020345509511786757
0.08925719404932085
0.1789615472006054
0.25534013216769685
0.35916458160052106
0.4674077750946483
0.5416330739113705
0.5008964427364464
0.5516924855385107
0.6229874118459341
0.8949472415166448
0.6343689001687202
0.5633078806939548
0.5277230925481562
0.5544798356847074
0.4243418671939207
0.2612314939827121
0.1858032592540561
0.07364114035140118
0.010558640018023306
-7.449018788295881e-05
0.0
0.0
0.0
0.0
0.0
0.0
0.0
0.0
0.0
0.013983945184203364
0.07946973726632643
0.07275979367079104
0.02812495058073999
0.090257717445419
0.05674967609478888
0.0919279568861016
0.05831774279796251
0.12501236384184633
0.07766131966151874
0.025967618163174555
0.03723433566328967
0.06551297647574958
0.05900368135593391
0.005492483652721058
0.0010303554109203066
0.0001978592443222355
0.0
0.0
0.0
0.0
0.0
